679
814763 20
887253 6
909564 10
764291 15
850288 22
360767 11
842495 26
461890 4
601704 12
827569 16
247727 6
398926 6
986290 12
735085 5
175842 4
642922 5
495370 12
981510 16
857462 7
702063 21
805407 25
842930 10
647871 1
601047 18
538365 3
642926 1
376358 4
691131 4
742508 5
838149 18
479962 0
784671 17
711320 0
873897 12
250132 1
769030 8
830443 21
933786 7
94999 2
293651 0
891139 16
934251 11
786819 25
697422 16
999756 16
626871 7
232566 0
585392 16
808033 10
971432 8
872209 24
740807 16
837118 18
697283 7
344864 10
835475 11
622246 5
662307 3
507766 8
778950 18
978970 21
520510 5
947707 9
899694 15
783494 20
908559 26
554628 18
372247 0
775938 6
210530 1
762212 23
888439 6
878203 5
644614 6
786925 15
648812 16
298477 8
635659 7
959493 8
973018 13
680604 3
890800 5
562215 13
616651 5
612944 7
786563 8
715236 12
802047 11
712682 18
672453 8
918332 18
817840 26
803693 10
945476 23
996313 10
761723 7
957405 13
599139 12
588501 1
933489 29
830105 4
756038 0
712557 8
572671 18
525107 3
352145 4
439746 4
678120 21
337277 3
431149 2
717959 18
929660 10
863786 21
691126 5
739463 2
597304 8
936047 20
942048 21
978965 26
968235 13
845305 9
802409 8
931035 7
904482 5
511562 2
856780 4
811301 11
730705 19
132029 3
742549 14
876867 18
705565 9
781754 15
691703 1
861256 19
900707 13
977697 15
916885 17
896766 5
590285 0
884152 12
782085 5
274987 7
668874 4
582008 2
822580 27
331311 10
101339 1
625572 20
929902 29
738500 13
187210 3
915304 7
739308 0
496687 9
716749 1
918256 22
955961 25
420463 8
964961 25
212743 3
914940 9
878165 16
660009 2
886220 15
882482 27
506101 13
762739 24
856873 8
886673 28
972363 28
904172 11
539603 16
572111 0
940214 21
717420 3
239035 3
829657 3
757591 21
550987 11
976757 20
411355 0
685087 12
520592 7
731950 5
587691 8
670647 16
793346 3
643700 6
745108 22
480252 7
810127 2
404352 1
466265 2
672217 11
346639 2
517587 17
755240 9
993843 22
897260 20
914560 21
662447 1
510098 0
933727 17
503404 8
983011 9
747662 18
612112 0
565651 5
932885 13
991043 31
969074 30
987257 18
244343 4
940300 15
355159 2
805968 8
947963 16
732301 17
957426 31
728919 3
822343 13
973320 8
966961 8
582756 15
918209 17
935460 21
851307 26
121741 1
877137 5
688511 12
771323 9
788222 1
950353 6
945020 20
884237 24
895034 18
836036 5
142799 0
451793 7
681551 3
962929 22
171711 4
491170 6
962812 26
585706 5
675898 10
540003 15
585399 6
316650 1
644007 1
912929 12
868111 12
966895 10
935436 8
791922 1
719192 3
337276 1
836960 10
127557 2
739308 0
764128 3
936813 30
821435 22
678885 21
803451 17
788277 21
374384 7
467792 13
896285 11
579507 15
542738 8
864075 4
988787 26
925861 16
424109 8
935090 8
504078 0
543442 5
582006 6
719639 12
481465 10
895188 15
963012 14
817120 2
412996 8
740129 0
585157 10
999149 8
680781 11
191232 1
805810 2
908015 12
742330 15
674856 0
472588 10
812542 21
629413 5
750009 16
777375 2
655865 5
697549 5
749250 16
477055 7
384620 5
868302 3
904588 14
510559 5
853706 3
829121 23
719188 4
859395 4
806751 7
604059 4
897000 7
891459 13
989695 24
751031 17
851418 10
947710 30
414960 12
746964 12
971610 8
769023 0
568899 15
344535 6
853672 23
573820 11
972507 17
885719 15
851389 12
777125 4
606381 2
252511 2
898676 6
641351 14
807766 5
585833 18
635550 8
439534 0
784037 4
806263 21
753291 0
483395 10
534503 17
721185 7
315904 10
565578 2
981336 8
369821 6
586534 8
717866 0
588740 16
691694 5
776407 0
874175 8
993884 14
809974 11
959405 20
925552 9
398231 5
440210 9
672663 14
941854 7
911665 15
866263 5
794108 1
764511 6
566718 16
736322 14
977271 23
956531 8
750435 15
952718 12
787611 2
654309 9
685168 0
881935 19
781085 8
814149 17
159025 3
941151 28
877998 6
941811 10
876608 26
160048 4
749180 18
866157 18
618049 10
730917 1
353327 8
300748 3
871145 14
604273 3
814792 2
705788 19
678895 11
432225 13
642469 8
933506 24
678889 15
303082 4
869379 13
944443 16
841009 3
971693 21
524045 2
312182 2
864684 17
645666 14
958095 10
626162 10
763812 10
542571 0
355330 7
580847 17
800827 23
605630 6
813770 9
874477 18
727261 11
349700 4
674094 16
852218 4
856300 14
540716 9
120066 4
905624 6
805628 8
370472 5
912351 6
444080 0
712962 2
835278 2
555312 4
880456 24
926085 13
812260 4
558472 18
634732 2
675827 20
685124 17
491816 5
875641 15
956818 18
589664 1
999296 28
280485 3
972246 16
820737 6
590735 9
769876 18
360000 9
333602 3
740379 6
759809 11
143547 2
959899 16
332412 0
945730 13
657971 20
660877 12
229636 6
98510 0
930018 5
780758 18
471997 2
500364 6
648594 1
931299 25
408611 13
989893 14
712477 4
984505 23
494964 8
283556 9
976292 29
825625 27
773757 19
944381 14
750676 21
948195 18
858067 10
856949 19
755383 13
907539 7
938948 9
340508 2
928204 6
897778 21
987026 17
278193 0
736232 1
610414 4
336161 0
987270 25
429436 8
946731 11
737410 3
880563 5
83124 0
436177 13
386389 6
811784 15
659553 4
851546 18
756239 8
406539 2
789549 22
781836 4
829181 3
806936 14
968281 23
529235 8
770459 7
618489 6
947655 11
386270 9
938292 14
772362 2
572380 6
800110 16
831635 2
971010 19
572307 2
772336 24
722667 8
697165 3
508343 16
873705 7
232865 5
491204 14
721970 12
751438 16
511006 10
570436 7
454224 6
567616 4
952964 11
634095 18
431550 3
760589 15
158954 4
920480 8
972054 12
311899 8
816647 12
735158 17
714375 7
716441 13
852614 25
780445 0
737782 3
393218 4
817330 7
579668 14
439514 6
476916 3
346341 0
758024 0
236227 3
768840 19
729438 8
144498 4
948124 13
870423 19
194694 2
725491 17
715059 12
783878 3
938781 27
672150 8
919398 7
598557 0
17446 0
542266 5
997182 14
820422 3
598962 0
759198 9
961198 13
298905 0
612873 10
706669 18
663070 0
983029 20
349010 2
892785 25
805819 5
735017 3
995573 10
546924 11
921930 5
651141 3
693890 7
353097 8
695780 0
857172 6
928918 17
467340 13
989357 19
976772 32
659988 0
917806 28
915745 9
569484 2
390795 3
881492 18
551659 7
677335 4
842258 26
885890 7
981442 25
314583 7
643227 8
763344 1
631487 11
341499 4
969752 31
776090 17
955772 25
937509 8
913413 25
977552 20
512267 2
894834 4
777912 10
272050 1
858479 4
419937 0
899340 4
670161 4
928376 21
200302 6
268885 8
441074 1
975622 20
632838 8
652736 6
816265 10
801373 25
948675 12
614733 11
973240 14
477422 10
567618 18
999822 19
873796 17
949694 29
716078 8
993933 19
975601 15
688923 16
685407 19
720217 6
325299 0
906870 5
671781 19
986876 8
515898 14
609378 11
908376 10
468600 15
656018 15
945527 28
200088 2
696881 23
646639 8
394308 8
578651 3
714069 5
638939 7
706778 14
900010 17
673947 2
570826 6
424604 6
914540 20
906032 24
